[[0.14457832051634625,
   0.7259395391961326,
   0.5003909129152976,
   0.7759562715526965,
   0.048367592867464566,
   0,
   0.19309777324226574,
   0.8643413697274013],
  [0.16511482865521349,
   0.7194919200218317,
   0.5007564416150299,
   0.7592656219933519,
   0,
   0,
   0,
   0.8545602113916472],
  [0.17391304641313263,
   0.693666255080374,
   0.44100895543521074,
   0.6621276663643356,
   0.002677376203608196,
   0,
   0.167004458964102,
   0.8459372926686805],
  [0.2687927003860368,
   0.7500772793240851,
   0.5716188703870858,
   0.7730369364726044,
   0.03680981523892413,
   0,
   0.06715328636997991,
   0.8361177006660215],
  [0.1922511039212647,
   0.7218722358026063,
   0.5552193523944375,
   0.7098925636157628,
   0.025416997783869372,
   0,
   0.2427652703353932,
   0.8365640111478371]])
